501
939
588
281
881
716
785
421
586
133
530
978
205
541
638
26
56
802
359
769
538
822
476
649
913
454
276
363
670
963
746
964
428
902
998
959
595
733
469
356
122
504
568
836
709
214
970
739
407
128
320
374
283
103
385
61
943
739
45
83
848
985
747
987
504
410
591
156
22
453
533
541
925
879
15
679
440
773
476
234
887
816
141
761
250
641
521
298
283
373
162
70
720
178
425
511
932
886
372
544
713
877
84
207
251
675
208
882
420
649
655
209
932
999
347
515
561
893
528
43
86
797
316
798
776
325
576
276
652
335
364
993
737
984
265
881
796
607
820
175
495
497
698
152
800
774
367
18
344
238
605
601
389
831
609
112
787
140
122
849
181
747
207
136
167
486
1
17
261
794
631
162
180
755
207
867
769
34
334
166
41
394
662
475
687
827
363
253
539
259
616
439
323
464
996
466
607
235
35
937
952
810
620
290
796
901
687
766
480
68
298
284
649
755
997
37
884
124
84
989
123
471
263
62
434
854
838
343
340
772
63
812
132
171
363
423
182
292
150
793
987
879
198
995
120
25
333
274
732
905
361
813
277
845
865
787
98
68
801
48
425
864
640
645
47
989
872
697
396
818
576
931
147
936
375
84
528
963
512
681
270
293
219
110
909
538
149
176
900
703
838
161
773
51
585
341
301
446
722
699
228
840
467
450
40
914
453
228
226
283
842
737
127
386
756
271
931
827
214
895
487
820
438
507
534
848
349
720
553
176
257
691
395
59
851
272
855
887
878
436
607
528
758
80
295
139
194
187
177
331
888
491
869
699
701
544
367
949
669
253
586
544
846
176
254
978
455
714
427
189
741
485
292
259
578
560
203
694
589
103
720
47
614
760
380
293
376
731
912
471
37
652
259
696
990
645
591
772
675
94
448
950
702
702
692
475
804
697
811
797
172
320
910
796
42
56
130
332
773
456
140
540
449
876
940
303
133
546
214
179
60
198
662
205
606
559
903
25
113
110
978
153
66
349
238
42
604
213
890
797
141
545
710
721
510
872
719
908
157
100
461
161
112
689
867
11
483
812
36
143
737
754
161
776
646
792
866
339
644
129
16
133
766
823
813
63
961
366
788
62
456
131
538
349
694
669
610
346
875
335
412
604
709
595
941
431
138
648
479
20
494
710
795
900
256
808
150
470
919
444
606
959
615
795
17
873
78
354
590
689
142
947
415
775
263
324
134
507
434
974
453
335
656
330
306
206
331
756
71
243
503
145
594
961
296
881
590
762
586
569
874
21
35
598
191
254
964
391
460
293
754
227
989
518
139
273
952
191
116
203
155
636
694
464
716
486
204
937
804
755
139
73
406
120
867
775
735
615
703
126
720
40
611
966
719
53
73
273
247
111
578
472
293
710
332
593
695
514
202
500
342
905
263
262
871
993
492
168
675
879
726
695
872
152
544
80
76
781
524
595
158
368
690
580
129
636
660
66
780
852
915
55
180
733
233
654
915
673
635
662
739
160
776
584
268
670
259
418
401
29
294
536
846
213
923
31
44
508
360
649
428
141
630
162
931
357
694
291
302
249
291
768
167
213
235
878
390
282
160
112
39
438
696
918
109
481
392
156
624
126
154
918
720
814
59
513
69
544
929
983
143
16
986
110
771
842
882
196
878
359
471
884
619
769
93
123
122
869
848
465
526
463
122
979
553
504
708
938
109
207
383
634
675
664
330
912
954
792
762
18
79
955
513
495
598
324
528
378
661
116
149
392
1000
163
167
486
122
688
519
422
706
247
471
151
333
689
771
53
297
97
828
807
487
652
916
12
4
471
64
150
484
611
631
977
966
264
808
659
791
243
572
62
629
896
782
431
568
471
384
438
786
463
819
590
700
436
931
417
463
950
827
919
932
954
726
550
85
31
581
31
326
697
691
195
612
419
508
470
282
687
506
611
938
353
380
791
747
11
571
210
175
575
187
56
663
978
716
499
239
885
877
698
693
947
332
494
802
965
129
588
737
924
158
815
823
189
317
742
628
639
585
956
924
469
10
127
640
731
542
275
338
327
574
252
217
250
689
726
95
407
561
101
201
419
92
902
845
126
81
474
38
124
934
964
399
684
870
256
186
700
347
795
1000
324
702
896
118
800
132
50
574
341
649
610
593
518
884
524
478
257
400
990
868
244
480
374
673
639
381
547
544
167
179
247
522
803
591
719
974
565
260
793
812
973
804
332
927
120
642
175
281
188
789
967
579
989
74
846
743
587
649
710
18
659
470
453
752
554
564
81
